wave0
0
0.02
0.045
0.075
0.105
0.135
0.16
0.19
0.215
0.245
0.27
0.3
0.325
0.35
0.38
0.405
0.43
0.455
0.485
0.5100001
0.535
0.56
0.585
0.61
0.6349999
0.6599999
0.6849999
0.7099999
0.7349998
0.7549998
0.7799998
0.8049998
0.8299997
0.8549997
0.8749997
0.8999997
0.9249997
0.9449996
0.9699996
0.9899996
1.015
1.035
1.06
1.08
1.105
1.125
1.145
1.169999
1.189999
1.209999
1.234999
1.254999
1.274999
1.294999
1.314999
1.334999
1.359999
1.379999
1.399999
1.419999
1.439999
1.459999
1.479999
1.499999
1.519999
1.539999
1.554999
1.574999
1.594999
1.614999
1.634999
1.654999
1.669999
1.689999
1.709999
1.724999
1.744999
1.764999
1.779999
1.799999
1.819999
1.834999
1.854999
1.869999
1.889999
1.904999
1.924999
1.939999
1.959999
1.974999
1.989999
2.009999
2.024999
2.039999
2.059999
2.074999
2.089999
2.109999
2.124999
2.139999
2.154999
2.17
2.19
2.205
2.22
2.235
2.25
2.265
2.28
2.295
2.31
2.325001
2.340001
2.355001
2.370001
2.385001
2.400001
2.415001
2.430001
2.445001
2.460001
2.475002
2.490002
2.505002
2.515002
2.530002
2.545002
2.560002
2.575002
2.585002
2.600002
2.615002
2.630002
2.640002
2.655003
2.670003
2.680003
2.695003
2.710003
2.720003
2.735003
2.745003
2.760003
2.775003
2.785003
2.800003
2.810003
2.825003
2.835003
2.850003
2.860003
2.875004
2.885004
2.900004
2.910004
2.920004
2.935004
2.945004
2.960004
2.970004
2.980004
2.995004
3.005004
3.015004
3.030004
3.040004
3.050004
3.065004
3.075004
3.085004
3.095004
3.110004
3.120004
3.130004
3.140004
3.150004
3.165004
3.175004
3.185004
3.195004
3.205004
3.215004
3.230004
3.240004
3.250004
3.260004
3.270004
3.280004
3.290004
3.300004
3.310004
3.320004
3.330004
3.340004
3.350004
3.360004
3.370004
3.380004
3.390004
3.400004
3.410004
3.420004
3.430004
3.440004
3.450004
3.460004
3.470004
3.480004
3.490004
3.495004
3.505004
3.515004
3.525004
3.535004
3.545004
3.555004
3.560004
3.570004
3.580004
3.590004
3.600004
3.605004
3.615004
3.625004
3.635004
3.640004
3.650004
3.660004
3.670004
3.675004
3.685004
3.695004
3.700005
3.710005
3.720005
3.725005
3.735005
3.745005
3.750005
3.760005
3.770005
3.775005
3.785005
3.795005
3.800005
3.810005
3.815005
3.825005
3.835005
3.840005
3.850005
3.855005
3.865005
3.870005
3.880005
3.885005
3.895005
3.900006
3.910006
3.920006
3.925006
3.935006
3.940006
3.950006
3.955006
3.960006
3.970006
3.975006
3.985006
3.990006
4.000006
4.005006
4.015007
4.020007
4.025007
4.035007
4.040007
4.050007
4.055007
4.060008
4.070008
4.075008
4.085008
4.090008
4.095008
4.105009
4.110009
4.115009
4.125009
4.130009
4.135009
4.14501
4.15001
4.15501
4.16501
4.17001
4.17501
4.18501
4.190011
4.195011
4.200011
4.210011
4.215011
4.220011
4.225011
4.235012
4.240012
4.245012
4.250012
4.260012
4.265012
4.270012
4.275012
4.285013
4.290013
4.295013
4.300013
4.305013
4.315013
4.320014
4.325014
4.330014
4.335014
4.340014
4.350014
4.355014
4.360014
4.365015
4.370015
4.375015
4.385015
4.390015
4.395015
4.400015
4.405015
4.410016
4.415016
4.420016
4.425016
4.435016
4.440016
4.445016
4.450016
4.455017
4.460017
4.465017
4.470017
4.475017
4.480017
4.485017
4.490017
4.495018
4.505018
4.510018
4.515018
4.520018
4.525018
4.530018
4.535018
4.540019
4.545019
4.550019
4.555019
4.560019
4.565019
4.570019
4.575019
4.580019
4.58502
4.59002
4.59502
4.60002
4.60502
4.61002
4.61502
4.62002
4.625021
4.630021
4.635021
4.640021
4.645021
4.650021
4.655021
4.660021
4.665021
4.670022
4.675022
4.680022
4.685022
4.690022
4.695022
4.700022
4.705022
4.710022
4.715023
4.720023
4.725023
4.730023
4.735023
4.740023
4.745023
4.750023
4.755023
4.760024
4.765024
4.770024
4.775024
4.780024
4.785024
4.790024
4.795024
4.800025
4.805025
4.810025
4.815025
4.820025
4.825025
4.830025
4.835025
4.840025
4.845026
4.850026
4.855026
4.860026
4.865026
4.870026
4.875026
4.880026
4.885026
4.890027
4.895027
4.900027
4.905027
4.910027
4.915027
4.920027
4.925027
4.930027
4.935028
4.940028
4.945028
4.950028
4.955028
4.960028
4.965028
4.970028
4.975029
4.980029
4.985029
4.990029
4.995029
5.000029
5.005029
5.010029
5.015029
5.02003
5.02503
5.03003
5.03503
5.04003
5.04503
5.05003
5.05503
5.06003
5.065031
5.070031
5.075031
5.080031
5.085031
5.090031
5.095031
5.100031
5.105031
5.110032
5.115032
5.120032
5.125032
5.130032
5.135032
5.140032
5.145032
5.150033
5.155033
5.160033
5.165033
5.170033
5.175033
5.180033
5.185033
5.190033
5.195034
5.200034
5.205034
5.210034
5.215034
5.220034
5.225034
5.230034
5.235034
5.240035
5.245035
5.250035
5.255035
5.260035
5.265035
5.270035
5.275035
5.280035
5.285036
5.290036
5.295036
5.300036
5.305036
5.310036
5.315036
5.320036
5.325037
5.330037
5.335037
5.340037
5.345037
5.350037
5.355037
5.360037
5.365037
5.370038
5.375038
5.380038
5.385038
5.390038
5.395038
5.400038
5.405038
5.410038
5.415039
5.420039
5.425039
5.430039
5.435039
5.440039
5.445039
5.450039
5.45504
5.46004
5.46504
5.47004
5.47504
5.48004
5.48504
5.49004
5.49504
5.500041
5.505041
5.510041
5.515041
5.520041
5.525041
5.530041
5.535041
5.540041
5.545042
5.550042
5.555042
5.560042
5.565042
5.570042
5.575042
5.580042
5.585042
5.590043
5.595043
5.600043
5.605043
5.610043
5.615043
5.620043
5.625043
5.630044
5.635044
5.640044
5.645044
5.650044
5.655044
5.660044
5.665044
5.670044
5.675045
5.680045
5.685045
5.690045
5.695045
5.700045
5.705045
5.710045
5.715045
5.720046
5.725046
5.730046
5.735046
5.740046
5.745046
5.750046
5.755046
5.760046
5.765047
5.770047
5.775047
5.780047
5.785047
5.790047
5.795047
5.800047
5.805048
5.810048
5.815048
5.820048
5.825048
5.830048
5.835048
5.840048
5.845048
5.850049
5.855049
5.860049
5.865049
5.870049
5.875049
5.880049
5.885049
5.890049
5.89505
5.90005
5.90505
5.91005
5.91505
5.92005
5.92505
5.93005
5.93505
5.940051
5.945051
5.950051
5.955051
5.960051
5.965051
5.970051
5.975051
5.980052
5.985052
5.990052
5.995052
6.000052
6.005052
6.010052
6.015052
6.020052
6.025053
6.030053
6.035053
6.040053
6.045053
6.050053
6.055053
6.060053
6.065053
6.070054
6.075054
6.080054
6.085054
6.090054
6.095054
6.100054
6.105054
6.110054
6.115055
6.120055
6.125055
6.130055
6.135055
6.140055
6.145055
6.150055
6.155056
6.160056
6.165056
6.170056
6.175056
6.180056
6.185056
6.190056
6.195056
6.200057
6.205057
6.210057
6.215057
6.220057
6.225057
6.230057
6.235057
6.240057
6.245058
6.250058
6.255058
6.260058
6.265058
6.270058
6.275058
6.280058
6.285058
6.290059
6.295059
6.300059
6.305059
6.310059
6.315059
6.320059
6.325059
6.33006
6.33506
6.34006
6.34506
6.35006
6.35506
6.36006
6.36506
6.37006
6.375061
6.380061
6.385061
6.390061
6.395061
6.400061
6.405061
6.410061
6.415061
6.420062
6.425062
6.430062
6.435062
6.440062
6.445062
6.450062
6.455062
6.460063
6.465063
6.470063
6.475063
6.480063
6.485063
6.490063
6.495063
6.500063
6.505064
6.510064
6.515064
6.520064
6.525064
6.530064
6.535064

