wave0	wave1_smth
0	-0.4337035
0.02	-0.564668925
0.045	-0.69848855
0.075	-0.658834275
0.105	-0.307585825
0.135	-2.49999999998862e-06
0.16	-0.090193175
0.19	-0.04422345
0.215	-0.046270875
0.245	-0.3206693
0.27	-0.320965375
0.3	-0.1385291
0.325	-0.140014625
0.35	-0.187483775
0.38	-0.1886834
0.405	-0.142113975
0.43	-0.047471725
0.455	-0.04838295
0.485	-0.048076625
0.5100001	0.0489956
0.535	-0.049922275
0.56	-0.1972231
0.585	-0.1984665
0.61	-0.40067095
0.6349999	-0.60288575
0.6599999	-0.504918
0.6849999	-0.458147225
0.7099999	-0.4603629
0.7349998	-0.256568425
0.7549998	0.104929
0.7799998	0.312867
0.8049998	0.1564335
0.8299997	-0.1062288
0.8549997	-0.26589795
0.8749997	-0.266877125
0.8999997	-0.2691681
0.9249997	-0.324578825
0.9449996	-0.1075299
0.9699996	0.274784075
0.9899996	0.32987555
1.015	0.22169915
1.035	0.503518325
1.06	0.841782425
1.08	0.846179475
1.105	0.73771915
1.125	0.57046395
1.145	0.228454375
1.169999	2.74999999999581e-06
1.189999	0.05848815
1.209999	-0.000692399999999996
1.234999	0.059883925
1.254999	0.2367496
1.274999	0.23815365
1.294999	0.1793152
1.314999	0.1204878
1.334999	0.243098225
1.359999	0.181789525
1.379999	-0.123336025
1.399999	-0.308704975
1.419999	-0.434564075
1.439999	-0.37361825
1.459999	-0.0616631
1.479999	-0.1276972
1.499999	-0.38089625
1.519999	-0.19045025
1.539999	-0.19376355
1.554999	-0.19265245
1.574999	0.130661875
1.594999	0.19562575
1.614999	0.3957413
1.634999	0.527904025
1.654999	-0.00226485000000007
1.669999	-0.4682438
1.689999	-0.470143125
1.709999	-0.405594875
1.724999	-0.2711587
1.744999	0.13827075
1.764999	0.55078525
1.779999	0.55233215
1.799999	0.277331675
1.819999	0.210141825
1.834999	0.28123435
1.854999	0.140614975
1.869999	1.47500000000078e-06
1.889999	0.2156642
1.904999	0.4313328
1.924999	0.506414325
1.939999	0.72768025
1.959999	0.803582925
1.974999	0.6610315
1.989999	0.814089
2.009999	1.040247675
2.024999	0.895719025
2.039999	0.977793875
2.059999	0.9047225
2.074999	0.149411225
2.089999	-0.075112375
2.109999	0.0763533
2.124999	3.07500000001903e-06
2.139999	0.23407385
2.154999	0.468156675
2.17	0.47068185
2.19	0.393925625
2.205	0.07801805
2.22	-0.239583025
2.235	0.0822868
2.25	0.726465875
2.265	0.7277566
2.28	0.488626675
2.295	0.73813715
2.31	0.822183075
2.325001	0.4123983
2.340001	0.50083555
2.355001	0.83618815
2.370001	0.587098725
2.385001	0.253062875
2.400001	0.084503875
2.415001	0.257516225
2.430001	0.515037075
2.445001	0.3442545
2.460001	0.3478585
2.475002	0.523141
2.490002	0.173471825
2.505002	-0.2647526
2.515002	-0.265209175
2.530002	0.1798642
2.545002	0.89657685
2.560002	1.349484725
2.575002	1.5372259
2.585002	1.635519525
2.600002	1.368523875
2.615002	0.9170238
2.630002	0.738122
2.640002	0.648680725
2.655003	0.652934425
2.670003	0.93777515
2.680003	1.12989945
2.695003	1.135626725
2.710003	1.141373325
2.720003	1.0510626
2.735003	0.96077125
2.745003	0.674469725
2.760003	0.095589625
2.775003	-0.2930884
2.785003	-0.6876198
2.800003	-0.985118325
2.810003	-0.79104495
2.825003	-0.496992725
2.835003	-0.198992175
2.850003	0.20197275
2.860003	0.5054376
2.875004	0.4049472
2.885004	-0.308480375
2.900004	-0.819940225
2.910004	-0.306463575
2.920004	0.31101875
2.935004	0.625097225
2.945004	1.6764499
2.960004	2.415274
2.970004	1.7917418
2.980004	1.37933085
2.995004	1.38501245
3.005004	0.85470455
3.015004	0.106055525
3.030004	0.00104690000000005
3.040004	0.435697825
3.050004	1.752269025
3.065004	3.954995125
3.075004	5.292724675
3.085004	6.651700825
3.095004	10.58729575
3.110004	16.22994125
3.120004	20.684279
3.130004	25.75978175
3.140004	34.6274075
3.150004	44.9346725
3.165004	59.7172275
3.175004	82.1071475
3.185004	106.6583725
3.195004	132.1452925
3.205004	161.375845
3.215004	190.0325
3.230004	217.207635
3.240004	248.188365
3.250004	285.2874775
3.260004	319.812325
3.270004	352.421325
3.280004	390.4965
3.290004	424.6473
3.300004	444.8442
3.310004	449.573825
3.320004	443.903525
3.330004	419.353725
3.340004	371.280575
3.350004	315.81925
3.360004	260.32536
3.370004	202.04559
3.380004	156.685525
3.390004	129.1234775
3.400004	105.49856
3.410004	88.07897
3.420004	79.750195
3.430004	72.3485575
3.440004	64.118315
3.450004	60.64185
3.460004	59.6050575
3.470004	58.297615
3.480004	59.231805
3.490004	61.22208
3.495004	63.63913
3.505004	70.6408025
3.515004	77.2690975
3.525004	81.8149425
3.535004	92.388785
3.545004	108.6335425
3.555004	121.5702
3.560004	134.1073025
3.570004	156.9944025
3.580004	184.769465
3.590004	206.0755
3.600004	225.360415
3.605004	245.3501925
3.615004	257.29728
3.625004	260.2673975
3.635004	259.991465
3.640004	256.97242
3.650004	242.38335
3.660004	221.0598725
3.670004	201.85633
3.675004	177.498875
3.685004	152.0854375
3.695004	138.667215
3.700005	126.6902875
3.710005	107.21113
3.720005	90.7107225
3.725005	78.8369975
3.735005	65.947065
3.745005	56.4431375
3.750005	55.3382225
3.760005	56.6386375
3.770005	57.0367725
3.775005	58.20671
3.785005	56.9017425
3.795005	56.6996175
3.800005	60.207755
3.810005	60.1400375
3.815005	61.5151775
3.825005	72.35585
3.835005	88.648785
3.840005	101.7234225
3.850005	113.176875
3.855005	132.11107
3.865005	154.390855
3.870005	167.2976025
3.880005	180.2100725
3.885005	204.460085
3.895005	231.17879
3.900006	255.1603425
3.910006	280.5098
3.920006	301.883825
3.925006	316.46615
3.935006	331.837625
3.940006	344.962325
3.950006	352.800625
3.955006	358.67385
3.960006	365.95305
3.970006	375.329925
3.975006	375.13315
3.985006	367.0629
3.990006	360.285
4.000006	352.928825
4.005006	344.27425
4.015007	325.541225
4.020007	307.948475
4.025007	297.741875
4.035007	281.59105
4.040007	263.90455
4.050007	252.3221175
4.055007	242.2287925
4.060008	232.2455375
4.070008	228.32802
4.075008	228.534205
4.085008	229.28324
4.090008	232.6040825
4.095008	234.451685
4.105009	230.4128825
4.110009	226.7247975
4.115009	231.94551
4.125009	242.213
4.130009	256.711675
4.135009	276.94655
4.14501	293.54345
4.15001	316.966425
4.15501	344.3126
4.16501	370.00445
4.17001	408.0034
4.17501	444.1103
4.18501	481.15525
4.190011	534.40645
4.195011	582.1475
4.200011	625.236375
4.210011	672.551075
4.215011	707.958675
4.220011	715.64435
4.225011	704.93965
4.235012	691.92855
4.240012	668.9497
4.245012	644.015725
4.250012	625.524375
4.260012	603.6075
4.265012	590.5393
4.270012	589.165175
4.275012	571.078025
4.285013	539.9181
4.290013	522.1983
4.295013	523.224
4.300013	532.3543
4.305013	544.48455
4.315013	562.376975
4.320014	575.28795
4.325014	579.41975
4.330014	586.992425
4.335014	589.866125
4.340014	587.0089
4.350014	595.541425
4.355014	601.678175
4.360014	593.787975
4.365015	588.25315
4.370015	590.954575
4.375015	604.211375
4.385015	628.10475
4.390015	656.141025
4.395015	680.13845
4.400015	696.301525
4.405015	720.670375
4.410016	751.21135
4.415016	766.6322
4.420016	765.218125
4.425016	759.49755
4.435016	754.16225
4.440016	737.53745
4.445016	717.1612
4.450016	703.04555
4.455017	696.235375
4.460017	697.693975
4.465017	682.772525
4.470017	654.713525
4.475017	640.5337
4.480017	642.9537
4.485017	651.0232
4.490017	658.913625
4.495018	686.449675
4.505018	732.7629
4.510018	771.9375
4.515018	818.942275
4.520018	888.738125
4.525018	970.674325
4.530018	1052.433675
4.535018	1147.822625
4.540019	1246.224225
4.545019	1323.94035
4.550019	1407.456825
4.555019	1479.53065
4.560019	1501.79005
4.565019	1518.869525
4.570019	1557.032725
4.575019	1576.505125
4.580019	1567.56535
4.58502	1535.4495
4.59002	1486.3026
4.59502	1433.470475
4.60002	1395.91565
4.60502	1364.671525
4.61002	1318.461125
4.61502	1279.485025
4.62002	1265.716575
4.625021	1193.485325
4.630021	1110.068
4.635021	1066.487325
4.640021	1003.57945
4.645021	938.608325
4.650021	880.38615
4.655021	838.062025
4.660021	792.39365
4.665021	756.477925
4.670022	734.258125
4.675022	688.2138
4.680022	649.87435
4.685022	650.049125
4.690022	643.361825
4.695022	645.65515
4.700022	653.8284
4.705022	660.278075
4.710022	689.424025
4.715023	726.359825
4.720023	779.01625
4.725023	828.010125
4.730023	876.2857
4.735023	902.18885
4.740023	912.1533
4.745023	921.830125
4.750023	923.931375
4.755023	930.89815
4.760024	917.542625
4.765024	913.218825
4.770024	909.440975
4.775024	898.99035
4.780024	878.914325
4.785024	840.491125
4.790024	826.854525
4.795024	787.543025
4.800025	756.954425
4.805025	774.656
4.810025	786.383275
4.815025	824.49555
4.820025	856.338475
4.825025	882.8434
4.830025	934.818475
4.835025	978.422925
4.840025	1069.385375
4.845026	1175.1082
4.850026	1241.70545
4.855026	1323.566075
4.860026	1381.3787
4.865026	1417.34305
4.870026	1445.20555
4.875026	1425.9872
4.880026	1435.32335
4.885026	1430.46435
4.890027	1366.197675
4.895027	1353.473075
4.900027	1333.357225
4.905027	1258.017675
4.910027	1218.529825
4.915027	1176.141125
4.920027	1100.0431
4.925027	1051.651875
4.930027	1004.0393
4.935028	945.3918
4.940028	922.480375
4.945028	892.396325
4.950028	854.672675
4.955028	869.628525
4.960028	885.535975
4.965028	859.884925
4.970028	848.729725
4.975029	846.0441
4.980029	835.719425
4.985029	880.901425
4.990029	961.311175
4.995029	1004.32805
5.000029	1037.157625
5.005029	1106.9251
5.010029	1162.894575
5.015029	1152.2752
5.02003	1142.294875
5.02503	1200.30115
5.03003	1236.417325
5.03503	1166.752125
5.04003	1101.01325
5.04503	1104.936
5.05003	1086.42585
5.05503	1045.9473
5.06003	1031.67745
5.065031	1034.4459
5.070031	1028.718975
5.075031	980.713675
5.080031	945.55665
5.085031	987.208675
5.090031	1031.140725
5.095031	1008.919275
5.100031	990.59875
5.105031	1015.40495
5.110032	1044.2188
5.115032	1048.312775
5.120032	1002.759575
5.125032	952.26895
5.130032	937.406325
5.135032	945.423275
5.140032	953.08955
5.145032	938.34505
5.150033	897.8161
5.155033	856.7989
5.160033	854.66565
5.165033	858.978475
5.170033	839.23915
5.175033	819.1072
5.180033	822.1077
5.185033	834.683075
5.190033	829.668175
5.195034	827.315
5.200034	843.63725
5.205034	870.8797
5.210034	895.687125
5.215034	901.620175
5.220034	887.955725
5.225034	879.3499
5.230034	906.9091
5.235034	975.240375
5.240035	1048.8202
5.245035	1070.420525
5.250035	1054.825675
5.255035	1062.905075
5.260035	1096.296175
5.265035	1123.661875
5.270035	1142.77365
5.275035	1159.20545
5.280035	1180.42605
5.285036	1214.4942
5.290036	1271.337325
5.295036	1323.939625
5.300036	1330.61485
5.305036	1316.387025
5.310036	1324.63795
5.315036	1367.50625
5.320036	1399.9398
5.325037	1425.9587
5.330037	1475.7852
5.335037	1526.19045
5.340037	1556.074125
5.345037	1574.46205
5.350037	1625.816025
5.355037	1718.58495
5.360037	1794.865125
5.365037	1817.88065
5.370038	1829.649325
5.375038	1854.945075
5.380038	1847.45
5.385038	1789.74995
5.390038	1751.153475
5.395038	1785.578925
5.400038	1852.84455
5.405038	1896.473225
5.410038	1874.9024
5.415039	1816.825675
5.420039	1831.642
5.425039	1903.729475
5.430039	1959.100875
5.435039	2030.005675
5.440039	2124.038675
5.445039	2165.9622
5.450039	2140.044575
5.45504	2112.472425
5.46004	2119.14145
5.46504	2138.2273
5.47004	2139.969375
5.47504	2151.07965
5.48004	2208.82445
5.48504	2232.870775
5.49004	2179.239125
5.49504	2201.63095
5.500041	2304.2621
5.505041	2343.92975
5.510041	2333.3078
5.515041	2359.0633
5.520041	2380.5144
5.525041	2338.542525
5.530041	2319.66715
5.535041	2330.623925
5.540041	2320.135775
5.545042	2311.7587
5.550042	2290.736125
5.555042	2191.411925
5.560042	2082.822925
5.565042	2065.965225
5.570042	2109.331975
5.575042	2196.41335
5.580042	2241.466525
5.585042	2202.160575
5.590043	2222.038525
5.595043	2308.840625
5.600043	2358.4995
5.605043	2381.180875
5.610043	2429.6515
5.615043	2486.8177
5.620043	2538.7683
5.625043	2601.494525
5.630044	2700.6645
5.635044	2841.90375
5.640044	2967.04425
5.645044	3030.0955
5.650044	2982.3085
5.655044	2892.0265
5.660044	2852.591
5.665044	2844.23825
5.670044	2840.29875
5.675045	2869.36675
5.680045	2881.7095
5.685045	2756.962
5.690045	2682.71025
5.695045	2762.098
5.700045	2822.561
5.705045	2911.52375
5.710045	2977.32025
5.715045	2901.63125
5.720046	2869.8745
5.725046	2898.68325
5.730046	2899.23125
5.735046	2942.24725
5.740046	3035.8945
5.745046	3110.134
5.750046	3104.07975
5.755046	3067.54
5.760046	3069.98675
5.765047	3068.92675
5.770047	2994.44625
5.775047	2921.45575
5.780047	2970.52925
5.785047	3082.03825
5.790047	3171.26975
5.795047	3203.8505
5.800047	3196.27175
5.805048	3221.5405
5.810048	3248.0745
5.815048	3212.5615
5.820048	3144.71225
5.825048	3107.58975
5.830048	3141.10175
5.835048	3176.66425
5.840048	3144.96325
5.845048	3135.98975
5.850049	3173.1105
5.855049	3194.5975
5.860049	3127.03525
5.865049	3072.033
5.870049	3230.4265
5.875049	3377.574
5.880049	3332.86675
5.885049	3328.16075
5.890049	3468.74375
5.89505	3574.06
5.90005	3570.6805
5.90505	3560.4965
5.91005	3582.20025
5.91505	3577.4055
5.92005	3432.7465
5.92505	3210.15225
5.93005	3167.402
5.93505	3284.9115
5.940051	3263.382
5.945051	3113.903
5.950051	3045.493
5.955051	3079.56625
5.960051	3102.48425
5.965051	3068.46175
5.970051	3077.50525
5.975051	3223.58025
5.980052	3422.376
5.985052	3363.62225
5.990052	3181.18325
5.995052	3172.23
6.000052	3111.29425
6.005052	3069.44875
6.010052	3175.30075
6.015052	3231.19275
6.020052	3286.40475
6.025053	3323.011
6.030053	3250.17775
6.035053	3194.167
6.040053	3262.4225
6.045053	3406.35975
6.050053	3487.572
6.055053	3432.887
6.060053	3381.4905
6.065053	3407.04275
6.070054	3379.79675
6.075054	3406.3765
6.080054	3488.54775
6.085054	3478.584
6.090054	3512.65075
6.095054	3502.30725
6.100054	3451.97375
6.105054	3515.143
6.110054	3539.1315
6.115055	3581.117
6.120055	3585.778
6.125055	3530.4695
6.130055	3519.78775
6.135055	3354.028
6.140055	3247.34775
6.145055	3416.66975
6.150055	3436.44175
6.155056	3235.12475
6.160056	3262.5785
6.165056	3472.7275
6.170056	3573.18975
6.175056	3578.524
6.180056	3465.06575
6.185056	3361.123
6.190056	3456.19225
6.195056	3571.79075
6.200057	3551.22575
6.205057	3447.70325
6.210057	3412.16575
6.215057	3486.35625
6.220057	3450.058
6.225057	3316.514
6.230057	3328.3715
6.235057	3366.85275
6.240057	3308.55025
6.245058	3235.323
6.250058	3187.00225
6.255058	3189.74125
6.260058	3213.7465
6.265058	3217.3825
6.270058	3206.76875
6.275058	3144.75925
6.280058	2978.28425
6.285058	2741.599775
6.290059	2509.37865
6.295059	2403.075625
6.300059	2298.944575
6.305059	2068.303075
6.310059	1836.8474
6.315059	1571.168425
6.320059	1276.118625
6.325059	981.5798
6.33006	807.247975
6.33506	773.29798
6.34006	652.02236
6.34506	557.34658
6.35006	445.1835925
6.35506	201.721885
6.36006	88.5736825
6.36506	176.283855
6.37006	243.926455
6.375061	189.774855
6.380061	132.816135
6.385061	132.032095
6.390061	158.8058125
6.395061	202.627505
6.400061	202.25401
6.405061	94.174345
6.410061	16.5912425
6.415061	31.32971
6.420062	-31.912505
6.425062	-82.164525
6.430062	36.773295
6.435062	199.47123
6.440062	272.66839
6.445062	297.699645
6.450062	328.73432
6.455062	270.6820795
6.460063	145.1149265
6.465063	117.6018845
6.470063	172.8145975
6.475063	213.09883
6.480063	268.81149
6.485063	296.8041625
6.490063	312.5882
6.495063	357.6455725
6.500063	293.99308
6.505064	203.280145
6.510064	148.9025225
6.515064	126.0474575
6.520064	254.3233375
6.525064	413.5748775
6.530064	351.526325
6.535064	239.93075
	
