wave1_smth
-0.4337035
-0.564668925
-0.69848855
-0.658834275
-0.307585825
-2.49999999998862e-06
-0.090193175
-0.04422345
-0.046270875
-0.3206693
-0.320965375
-0.1385291
-0.140014625
-0.187483775
-0.1886834
-0.142113975
-0.047471725
-0.04838295
-0.048076625
0.0489956
-0.049922275
-0.1972231
-0.1984665
-0.40067095
-0.60288575
-0.504918
-0.458147225
-0.4603629
-0.256568425
0.104929
0.312867
0.1564335
-0.1062288
-0.26589795
-0.266877125
-0.2691681
-0.324578825
-0.1075299
0.274784075
0.32987555
0.22169915
0.503518325
0.841782425
0.846179475
0.73771915
0.57046395
0.228454375
2.74999999999581e-06
0.05848815
-0.000692399999999996
0.059883925
0.2367496
0.23815365
0.1793152
0.1204878
0.243098225
0.181789525
-0.123336025
-0.308704975
-0.434564075
-0.37361825
-0.0616631
-0.1276972
-0.38089625
-0.19045025
-0.19376355
-0.19265245
0.130661875
0.19562575
0.3957413
0.527904025
-0.00226485000000007
-0.4682438
-0.470143125
-0.405594875
-0.2711587
0.13827075
0.55078525
0.55233215
0.277331675
0.210141825
0.28123435
0.140614975
1.47500000000078e-06
0.2156642
0.4313328
0.506414325
0.72768025
0.803582925
0.6610315
0.814089
1.040247675
0.895719025
0.977793875
0.9047225
0.149411225
-0.075112375
0.0763533
3.07500000001903e-06
0.23407385
0.468156675
0.47068185
0.393925625
0.07801805
-0.239583025
0.0822868
0.726465875
0.7277566
0.488626675
0.73813715
0.822183075
0.4123983
0.50083555
0.83618815
0.587098725
0.253062875
0.084503875
0.257516225
0.515037075
0.3442545
0.3478585
0.523141
0.173471825
-0.2647526
-0.265209175
0.1798642
0.89657685
1.349484725
1.5372259
1.635519525
1.368523875
0.9170238
0.738122
0.648680725
0.652934425
0.93777515
1.12989945
1.135626725
1.141373325
1.0510626
0.96077125
0.674469725
0.095589625
-0.2930884
-0.6876198
-0.985118325
-0.79104495
-0.496992725
-0.198992175
0.20197275
0.5054376
0.4049472
-0.308480375
-0.819940225
-0.306463575
0.31101875
0.625097225
1.6764499
2.415274
1.7917418
1.37933085
1.38501245
0.85470455
0.106055525
0.00104690000000005
0.435697825
1.752269025
3.954995125
5.292724675
6.651700825
10.58729575
16.22994125
20.684279
25.75978175
34.6274075
44.9346725
59.7172275
82.1071475
106.6583725
132.1452925
161.375845
190.0325
217.207635
248.188365
285.2874775
319.812325
352.421325
390.4965
424.6473
444.8442
449.573825
443.903525
419.353725
371.280575
315.81925
260.32536
202.04559
156.685525
129.1234775
105.49856
88.07897
79.750195
72.3485575
64.118315
60.64185
59.6050575
58.297615
59.231805
61.22208
63.63913
70.6408025
77.2690975
81.8149425
92.388785
108.6335425
121.5702
134.1073025
156.9944025
184.769465
206.0755
225.360415
245.3501925
257.29728
260.2673975
259.991465
256.97242
242.38335
221.0598725
201.85633
177.498875
152.0854375
138.667215
126.6902875
107.21113
90.7107225
78.8369975
65.947065
56.4431375
55.3382225
56.6386375
57.0367725
58.20671
56.9017425
56.6996175
60.207755
60.1400375
61.5151775
72.35585
88.648785
101.7234225
113.176875
132.11107
154.390855
167.2976025
180.2100725
204.460085
231.17879
255.1603425
280.5098
301.883825
316.46615
331.837625
344.962325
352.800625
358.67385
365.95305
375.329925
375.13315
367.0629
360.285
352.928825
344.27425
325.541225
307.948475
297.741875
281.59105
263.90455
252.3221175
242.2287925
232.2455375
228.32802
228.534205
229.28324
232.6040825
234.451685
230.4128825
226.7247975
231.94551
242.213
256.711675
276.94655
293.54345
316.966425
344.3126
370.00445
408.0034
444.1103
481.15525
534.40645
582.1475
625.236375
672.551075
707.958675
715.64435
704.93965
691.92855
668.9497
644.015725
625.524375
603.6075
590.5393
589.165175
571.078025
539.9181
522.1983
523.224
532.3543
544.48455
562.376975
575.28795
579.41975
586.992425
589.866125
587.0089
595.541425
601.678175
593.787975
588.25315
590.954575
604.211375
628.10475
656.141025
680.13845
696.301525
720.670375
751.21135
766.6322
765.218125
759.49755
754.16225
737.53745
717.1612
703.04555
696.235375
697.693975
682.772525
654.713525
640.5337
642.9537
651.0232
658.913625
686.449675
732.7629
771.9375
818.942275
888.738125
970.674325
1052.433675
1147.822625
1246.224225
1323.94035
1407.456825
1479.53065
1501.79005
1518.869525
1557.032725
1576.505125
1567.56535
1535.4495
1486.3026
1433.470475
1395.91565
1364.671525
1318.461125
1279.485025
1265.716575
1193.485325
1110.068
1066.487325
1003.57945
938.608325
880.38615
838.062025
792.39365
756.477925
734.258125
688.2138
649.87435
650.049125
643.361825
645.65515
653.8284
660.278075
689.424025
726.359825
779.01625
828.010125
876.2857
902.18885
912.1533
921.830125
923.931375
930.89815
917.542625
913.218825
909.440975
898.99035
878.914325
840.491125
826.854525
787.543025
756.954425
774.656
786.383275
824.49555
856.338475
882.8434
934.818475
978.422925
1069.385375
1175.1082
1241.70545
1323.566075
1381.3787
1417.34305
1445.20555
1425.9872
1435.32335
1430.46435
1366.197675
1353.473075
1333.357225
1258.017675
1218.529825
1176.141125
1100.0431
1051.651875
1004.0393
945.3918
922.480375
892.396325
854.672675
869.628525
885.535975
859.884925
848.729725
846.0441
835.719425
880.901425
961.311175
1004.32805
1037.157625
1106.9251
1162.894575
1152.2752
1142.294875
1200.30115
1236.417325
1166.752125
1101.01325
1104.936
1086.42585
1045.9473
1031.67745
1034.4459
1028.718975
980.713675
945.55665
987.208675
1031.140725
1008.919275
990.59875
1015.40495
1044.2188
1048.312775
1002.759575
952.26895
937.406325
945.423275
953.08955
938.34505
897.8161
856.7989
854.66565
858.978475
839.23915
819.1072
822.1077
834.683075
829.668175
827.315
843.63725
870.8797
895.687125
901.620175
887.955725
879.3499
906.9091
975.240375
1048.8202
1070.420525
1054.825675
1062.905075
1096.296175
1123.661875
1142.77365
1159.20545
1180.42605
1214.4942
1271.337325
1323.939625
1330.61485
1316.387025
1324.63795
1367.50625
1399.9398
1425.9587
1475.7852
1526.19045
1556.074125
1574.46205
1625.816025
1718.58495
1794.865125
1817.88065
1829.649325
1854.945075
1847.45
1789.74995
1751.153475
1785.578925
1852.84455
1896.473225
1874.9024
1816.825675
1831.642
1903.729475
1959.100875
2030.005675
2124.038675
2165.9622
2140.044575
2112.472425
2119.14145
2138.2273
2139.969375
2151.07965
2208.82445
2232.870775
2179.239125
2201.63095
2304.2621
2343.92975
2333.3078
2359.0633
2380.5144
2338.542525
2319.66715
2330.623925
2320.135775
2311.7587
2290.736125
2191.411925
2082.822925
2065.965225
2109.331975
2196.41335
2241.466525
2202.160575
2222.038525
2308.840625
2358.4995
2381.180875
2429.6515
2486.8177
2538.7683
2601.494525
2700.6645
2841.90375
2967.04425
3030.0955
2982.3085
2892.0265
2852.591
2844.23825
2840.29875
2869.36675
2881.7095
2756.962
2682.71025
2762.098
2822.561
2911.52375
2977.32025
2901.63125
2869.8745
2898.68325
2899.23125
2942.24725
3035.8945
3110.134
3104.07975
3067.54
3069.98675
3068.92675
2994.44625
2921.45575
2970.52925
3082.03825
3171.26975
3203.8505
3196.27175
3221.5405
3248.0745
3212.5615
3144.71225
3107.58975
3141.10175
3176.66425
3144.96325
3135.98975
3173.1105
3194.5975
3127.03525
3072.033
3230.4265
3377.574
3332.86675
3328.16075
3468.74375
3574.06
3570.6805
3560.4965
3582.20025
3577.4055
3432.7465
3210.15225
3167.402
3284.9115
3263.382
3113.903
3045.493
3079.56625
3102.48425
3068.46175
3077.50525
3223.58025
3422.376
3363.62225
3181.18325
3172.23
3111.29425
3069.44875
3175.30075
3231.19275
3286.40475
3323.011
3250.17775
3194.167
3262.4225
3406.35975
3487.572
3432.887
3381.4905
3407.04275
3379.79675
3406.3765
3488.54775
3478.584
3512.65075
3502.30725
3451.97375
3515.143
3539.1315
3581.117
3585.778
3530.4695
3519.78775
3354.028
3247.34775
3416.66975
3436.44175
3235.12475
3262.5785
3472.7275
3573.18975
3578.524
3465.06575
3361.123
3456.19225
3571.79075
3551.22575
3447.70325
3412.16575
3486.35625
3450.058
3316.514
3328.3715
3366.85275
3308.55025
3235.323
3187.00225
3189.74125
3213.7465
3217.3825
3206.76875
3144.75925
2978.28425
2741.599775
2509.37865
2403.075625
2298.944575
2068.303075
1836.8474
1571.168425
1276.118625
981.5798
807.247975
773.29798
652.02236
557.34658
445.1835925
201.721885
88.5736825
176.283855
243.926455
189.774855
132.816135
132.032095
158.8058125
202.627505
202.25401
94.174345
16.5912425
31.32971
-31.912505
-82.164525
36.773295
199.47123
272.66839
297.699645
328.73432
270.6820795
145.1149265
117.6018845
172.8145975
213.09883
268.81149
296.8041625
312.5882
357.6455725
293.99308
203.280145
148.9025225
126.0474575
254.3233375
413.5748775
351.526325
239.93075

