'sm-int'
0
0
0
0
-0.041404875
-0.124494875
-0.166741725
-0.125618325
-0.0419666
0
0
0
0
0
0
0.0445573
0.0891146
-0.000589824999999995
-0.09029425
-0.045147125
0
0.046342325
0.13932905
0.1865789
0.14053995
0.046947775
0
0
0.0484844
0.145764475
0.14607575
0.048795675
0
0
0
-0.05069145
-0.1013829
-0.05069145
0
0
0.052308275
0.15725225
0.210544175
0.1585647
0.0529645
-0.0539591
-0.1079182
-0.0539591
0
0
0
0
0
0.0566721
0.170361675
0.342799825
0.401203025
0.2301548
0.174537075
0.233653525
0.175943925
0.05876545
0
0.060189275
0.180927325
0.24219655
0.182368225
0.060909725
0
0
0
0
0.06347655
0.19080215
0.19117465
-0.06534765
-0.3233686
-0.2591471
0.000758074999999997
0.2636956
0.463185875
0.465099475
0.26675735
0.066881425
0
0
0
0
0
0
0
0
0
0.14321535
0.4304533
0.576093375
0.43368825
0.071601625
-0.2937442
-0.3677948
-0.072816975
0.298687875
0.449276175
0.300348025
0.0752949
0
0
0
0
0
0
0
0
0.0799707
0.240346525
0.24078095
-0.000873550000000001
-0.325993
-0.408149975
-0.16343565
0
0
0
0
0
0
-0.0857415
-0.25767955
-0.344787825
-0.3466145
-0.173304825
0.35213005
0.8812569
0.706114
-0.091287775
-0.4466693
-0.088489525
0.2715655
0.454654575
0.6396385
0.64201115
0.275348675
-0.186432125
-0.091775225
0.56411735
1.2258065
1.514648
1.4267895
1.338951
1.249185
0.86810225
0.387465175
0.2933161
0.3924127
0.394403775
0.496002675
0.797816125
1.10165095
1.207306
1.21338025
1.6280035
2.65850775
3.59407025
4.23097225
4.66573375
5.2114695
5.654124
5.25921575
4.86438325
5.1020465
5.983718
6.86969325
6.79302175
6.06721975
5.3351425
5.25451425
5.05702925
4.30864325
3.663296
2.675126
2.6946505
3.83348025
4.644125
5.2349255
5.02824675
4.248888
3.80871975
3.711592
3.7294005
3.62960425
3.8845355
5.08757
6.0587305
5.96651975
5.515194
5.543648
6.66230475
8.76329
10.75767275
10.92482625
9.2468875
7.806554
7.22115525
6.880264
7.67128925
9.98248375
12.310281
13.1276175
13.3184875
15.3165425
18.2284425
17.910695
14.9939625
13.7599625
14.8801375
16.0029275
15.007475
14.1487425
15.8273475
18.5935175
20.704885
20.246905
17.8813125
16.7337025
19.0241375
24.65161
29.3418075
31.84795
33.1088375
32.408595
30.571235
28.29059
27.5680875
29.7051675
32.4293275
34.6006
36.936385
41.344475
48.13131
56.30537
65.7318925
77.9253075
94.40264
115.2250575
142.410025
173.59675
203.527425
233.576225
265.10245
299.219225
330.96525
350.546825
356.098225
356.55685
361.893925
363.590925
349.732325
328.937375
313.885875
301.083975
283.151175
256.61815
229.075925
206.0301
195.5298
201.759925
213.6278
222.706325
231.721175
253.80395
291.6217
333.283375
368.1164
397.07815
430.091275
471.495475
498.229775
510.280075
511.824725
489.03725
454.5758
422.677625
392.80895
352.018125
307.98375
269.1081
247.498325
251.294225
256.1679
257.366575
262.747225
288.5962
323.27285
343.98685
372.634925
418.10365
468.171625
510.330475
552.9061
597.145475
594.20135
549.60995
508.528625
462.90935
418.900925
377.1769
319.467775
282.80245
278.5074
268.560225
252.248925
225.58755
190.3021
176.795125
179.2273
180.746825
187.265
198.070725
201.884625
201.3565
199.612
186.032675
170.82595
173.087
186.535
204.2712
220.558425
233.670625
266.95225
315.154925
351.96375
388.3791
440.7283
504.2961
557.229175
579.288825
576.9844
567.47545
539.9964
477.019675
400.343075
336.92695
294.6208
274.647575
255.66255
226.47955
213.015075
211.65135
205.849425
212.277225
211.7294
191.25675
194.62515
222.1885
238.597475
252.955325
298.62855
353.73855
391.1748
440.3622
495.425275
552.40675
626.04165
659.4061
622.2568
573.8044
526.656725
451.05685
377.410175
325.156575
299.785125
307.133925
307.85085
279.378775
237.730425
214.183375
228.8948
257.226475
264.73495
257.597225
242.8056
222.205975
221.976775
247.270925
257.2831
233.280225
218.967175
233.2036
256.79415
273.09185
290.23525
318.830625
341.986575
375.35925
412.190325
429.643325
446.90315
477.080625
497.906875
472.2093
431.6112
409.709
390.47
387.525025
403.94855
424.042
446.1609
477.24265
498.76105
496.3543
494.036525
476.905775
432.80925
398.591375
392.387775
405.805475
420.8223
417.846475
449.943425
541.338
617.92655
671.59645
730.519175
754.3748
750.114525
790.415975
827.5442
805.5627
767.373525
739.264475
730.141725
722.2695
704.552725
732.17305
809.81065
872.2478
888.06045
877.71045
863.176875
835.196225
787.793075
697.6545
587.66775
558.967225
592.90755
567.764375
553.8412
639.6375
719.198275
746.0163
775.366125
832.282175
898.451425
933.542225
950.200975
963.85225
950.231675
954.2569
962.406825
936.36105
930.617025
973.224
1021.297375
1022.4195
1024.413875
1064.595
1084.6775
1054.9665
981.901525
897.60345
847.264325
833.508975
811.3622
780.533425
781.702525
822.1655
894.02855
928.088175
903.39205
856.43275
839.747325
901.436325
1002.6876
1084.68325
1088.4525
1063.07125
1057.281575
987.164625
908.678975
927.306025
993.97175
1033.4714
1022.54945
1031.36515
1065.75495
1055.16575
1039.811
1016.38135
981.96745
1009.4261
1061.7105
1077.20975
1070.89125
1050.1577
1035.8544
1068.68495
1105.56875
1095.42225
1021.37345
952.5229
980.03245
1034.0335
1056.513
1060.85475
1055.348
1012.8711
965.6617
963.636175
972.1514
964.966475
907.96115
859.647075
874.93
868.859975
792.683425
748.307175
776.229125
794.339825
791.762575
790.661525
786.59895
783.98965
763.015125
706.35145
677.7029
666.073625
614.97605
561.2021
533.2294
503.595775
435.590975
365.94205
349.873525
349.796
330.836125
275.12
197.68175
162.631325
172.1571
167.2348025
123.217555
80.5305525
53.3476875
41.8570575
45.2027975
59.9102925
64.0554125
32.911805
25.6015875
55.300415
40.133365
8.43766
-8.6820175
-27.02411
-11.27275225
10.0352955
-6.97842475
-34.662225
-22.81033075
-23.200594
-24.95391575
14.581535
33.7361275
51.59548
46.4065275
19.94736
21.619442
20.5003615
22.9307895
31.4250825
21.2922425
-8.08348
-22.8662445
-14.216649
-5.446086
1.9290525
16.712717
26.370638
25.193755

