be	'sm-int'
0	0
0.008	0
0.032	0
0.064	0
0.096	-0.041404875
0.128	-0.124494875
0.16	-0.166741725
0.184	-0.125618325
0.216	-0.0419666
0.248	0
0.272	0
0.304	0
0.336	0
0.36	0
0.392	0
0.416	0.0445573
0.448	0.0891146
0.472	-0.000589824999999995
0.504	-0.09029425
0.528	-0.045147125
0.56	0
0.584	0.046342325
0.608	0.13932905
0.64	0.1865789
0.664	0.14053995
0.688	0.046947775
0.72	0
0.744	0
0.7679999	0.0484844
0.8	0.145764475
0.8239999	0.14607575
0.8479999	0.048795675
0.8719999	0
0.8959999	0
0.9199999	0
0.9519999	-0.05069145
0.9759999	-0.1013829
0.9999999	-0.05069145
1.024	0
1.048	0
1.072	0.052308275
1.096	0.15725225
1.12	0.210544175
1.144	0.1585647
1.168	0.0529645
1.192	-0.0539591
1.208	-0.1079182
1.232	-0.0539591
1.256	0
1.28	0
1.304	0
1.328001	0
1.352001	0
1.368001	0.0566721
1.392001	0.170361675
1.416001	0.342799825
1.440001	0.401203025
1.456001	0.2301548
1.480001	0.174537075
1.504001	0.233653525
1.520001	0.175943925
1.544001	0.05876545
1.568001	0
1.584001	0.060189275
1.608001	0.180927325
1.624001	0.24219655
1.648001	0.182368225
1.672001	0.060909725
1.688001	0
1.712001	0
1.728001	0
1.752001	0
1.768001	0.06347655
1.792001	0.19080215
1.808002	0.19117465
1.824002	-0.06534765
1.848002	-0.3233686
1.864002	-0.2591471
1.888002	0.000758074999999997
1.904002	0.2636956
1.920002	0.463185875
1.944002	0.465099475
1.960002	0.26675735
1.976002	0.066881425
2.000002	0
2.016002	0
2.032002	0
2.056002	0
2.072002	0
2.088002	0
2.104002	0
2.128002	0
2.144002	0
2.160002	0.14321535
2.176002	0.4304533
2.192002	0.576093375
2.216002	0.43368825
2.232002	0.071601625
2.248002	-0.2937442
2.264002	-0.3677948
2.280002	-0.072816975
2.296002	0.298687875
2.312002	0.449276175
2.328002	0.300348025
2.344002	0.0752949
2.368002	0
2.384002	0
2.400002	0
2.416002	0
2.432002	0
2.448002	0
2.464002	0
2.480002	0
2.496002	0.0799707
2.512002	0.240346525
2.528003	0.24078095
2.536002	-0.000873550000000001
2.552002	-0.325993
2.568002	-0.408149975
2.584002	-0.16343565
2.600003	0
2.616003	0
2.632003	0
2.648003	0
2.664003	0
2.672003	0
2.688003	-0.0857415
2.704003	-0.25767955
2.720003	-0.344787825
2.736003	-0.3466145
2.752003	-0.173304825
2.760003	0.35213005
2.776003	0.8812569
2.792003	0.706114
2.808003	-0.091287775
2.816003	-0.4466693
2.832003	-0.088489525
2.848003	0.2715655
2.864003	0.454654575
2.872003	0.6396385
2.888003	0.64201115
2.904003	0.275348675
2.912003	-0.186432125
2.928003	-0.091775225
2.944003	0.56411735
2.952003	1.2258065
2.968003	1.514648
2.984003	1.4267895
2.992002	1.338951
3.008003	1.249185
3.024003	0.86810225
3.032002	0.387465175
3.048002	0.2933161
3.056002	0.3924127
3.072002	0.394403775
3.088002	0.496002675
3.096002	0.797816125
3.112002	1.10165095
3.120002	1.207306
3.136002	1.21338025
3.144002	1.6280035
3.160002	2.65850775
3.168002	3.59407025
3.184002	4.23097225
3.192002	4.66573375
3.208002	5.2114695
3.216002	5.654124
3.232002	5.25921575
3.240002	4.86438325
3.256002	5.1020465
3.264002	5.983718
3.280002	6.86969325
3.288002	6.79302175
3.304002	6.06721975
3.312002	5.3351425
3.328002	5.25451425
3.336002	5.05702925
3.344002	4.30864325
3.360002	3.663296
3.368001	2.675126
3.384001	2.6946505
3.392001	3.83348025
3.400001	4.644125
3.416001	5.2349255
3.424001	5.02824675
3.440001	4.248888
3.448001	3.80871975
3.456001	3.711592
3.472001	3.7294005
3.480001	3.62960425
3.488001	3.8845355
3.504001	5.08757
3.512001	6.0587305
3.520001	5.96651975
3.528001	5.515194
3.544001	5.543648
3.552001	6.66230475
3.56	8.76329
3.576	10.75767275
3.584	10.92482625
3.592	9.2468875
3.6	7.806554
3.616	7.22115525
3.624	6.880264
3.632	7.67128925
3.64	9.98248375
3.656	12.310281
3.664	13.1276175
3.672	13.3184875
3.68	15.3165425
3.696	18.2284425
3.704	17.910695
3.711999	14.9939625
3.719999	13.7599625
3.727999	14.8801375
3.743999	16.0029275
3.751999	15.007475
3.759999	14.1487425
3.767999	15.8273475
3.775999	18.5935175
3.783999	20.704885
3.799999	20.246905
3.807999	17.8813125
3.815999	16.7337025
3.823998	19.0241375
3.831998	24.65161
3.839998	29.3418075
3.847998	31.84795
3.855998	33.1088375
3.871998	32.408595
3.879998	30.571235
3.887998	28.29059
3.895998	27.5680875
3.903998	29.7051675
3.911998	32.4293275
3.919997	34.6006
3.927997	36.936385
3.935997	41.344475
3.943997	48.13131
3.951997	56.30537
3.959997	65.7318925
3.975997	77.9253075
3.983997	94.40264
3.991997	115.2250575
3.999997	142.410025
4.007997	173.59675
4.015996	203.527425
4.023996	233.576225
4.031996	265.10245
4.039996	299.219225
4.047996	330.96525
4.055996	350.546825
4.063996	356.098225
4.071996	356.55685
4.079996	361.893925
4.087996	363.590925
4.095995	349.732325
4.103995	328.937375
4.111995	313.885875
4.119995	301.083975
4.127995	283.151175
4.135995	256.61815
4.143995	229.075925
4.151995	206.0301
4.159995	195.5298
4.167994	201.759925
4.175994	213.6278
4.183994	222.706325
4.191994	231.721175
4.199994	253.80395
4.207994	291.6217
4.215994	333.283375
4.223994	368.1164
4.231994	397.07815
4.239994	430.091275
4.247993	471.495475
4.255993	498.229775
4.263993	510.280075
4.271993	511.824725
4.279993	489.03725
4.287993	454.5758
4.295993	422.677625
4.303993	392.80895
4.311993	352.018125
4.319993	307.98375
4.327992	269.1081
4.335992	247.498325
4.343992	251.294225
4.351992	256.1679
4.359992	257.366575
4.367992	262.747225
4.375992	288.5962
4.383992	323.27285
4.391992	343.98685
4.399992	372.634925
4.407991	418.10365
4.415991	468.171625
4.423991	510.330475
4.431991	552.9061
4.439991	597.145475
4.447991	594.20135
4.455991	549.60995
4.463991	508.528625
4.471991	462.90935
4.47999	418.900925
4.48799	377.1769
4.49599	319.467775
4.50399	282.80245
4.51199	278.5074
4.51999	268.560225
4.52799	252.248925
4.53599	225.58755
4.54399	190.3021
4.55199	176.795125
4.559989	179.2273
4.567989	180.746825
4.575989	187.265
4.583989	198.070725
4.591989	201.884625
4.599989	201.3565
4.607989	199.612
4.615989	186.032675
4.623989	170.82595
4.631989	173.087
4.639988	186.535
4.647988	204.2712
4.655988	220.558425
4.663988	233.670625
4.671988	266.95225
4.679988	315.154925
4.687988	351.96375
4.695988	388.3791
4.703988	440.7283
4.711987	504.2961
4.719987	557.229175
4.727987	579.288825
4.735987	576.9844
4.743987	567.47545
4.751987	539.9964
4.759987	477.019675
4.767987	400.343075
4.775987	336.92695
4.783987	294.6208
4.791986	274.647575
4.799986	255.66255
4.807986	226.47955
4.815986	213.015075
4.823986	211.65135
4.831986	205.849425
4.839986	212.277225
4.847986	211.7294
4.855986	191.25675
4.863986	194.62515
4.871985	222.1885
4.879985	238.597475
4.887985	252.955325
4.895985	298.62855
4.903985	353.73855
4.911985	391.1748
4.919985	440.3622
4.927985	495.425275
4.935985	552.40675
4.943985	626.04165
4.951984	659.4061
4.959984	622.2568
4.967984	573.8044
4.975984	526.656725
4.983984	451.05685
4.991984	377.410175
4.999984	325.156575
5.007984	299.785125
5.015984	307.133925
5.023983	307.85085
5.031983	279.378775
5.039983	237.730425
5.047983	214.183375
5.055983	228.8948
5.063983	257.226475
5.071983	264.73495
5.079983	257.597225
5.087983	242.8056
5.095983	222.205975
5.103982	221.976775
5.111982	247.270925
5.119982	257.2831
5.127982	233.280225
5.135982	218.967175
5.143982	233.2036
5.151982	256.79415
5.159982	273.09185
5.167982	290.23525
5.175982	318.830625
5.183981	341.986575
5.191981	375.35925
5.199981	412.190325
5.207981	429.643325
5.215981	446.90315
5.223981	477.080625
5.231981	497.906875
5.239981	472.2093
5.247981	431.6112
5.25598	409.709
5.26398	390.47
5.27198	387.525025
5.27998	403.94855
5.28798	424.042
5.29598	446.1609
5.30398	477.24265
5.31198	498.76105
5.31998	496.3543
5.32798	494.036525
5.335979	476.905775
5.343979	432.80925
5.351979	398.591375
5.359979	392.387775
5.367979	405.805475
5.375979	420.8223
5.383979	417.846475
5.391979	449.943425
5.399979	541.338
5.407979	617.92655
5.415978	671.59645
5.423978	730.519175
5.431978	754.3748
5.439978	750.114525
5.447978	790.415975
5.455978	827.5442
5.463978	805.5627
5.471978	767.373525
5.479978	739.264475
5.487978	730.141725
5.495977	722.2695
5.503977	704.552725
5.511977	732.17305
5.519977	809.81065
5.527977	872.2478
5.535977	888.06045
5.543977	877.71045
5.551977	863.176875
5.559977	835.196225
5.567976	787.793075
5.575976	697.6545
5.583976	587.66775
5.591976	558.967225
5.599976	592.90755
5.607976	567.764375
5.615976	553.8412
5.623976	639.6375
5.631976	719.198275
5.639976	746.0163
5.647975	775.366125
5.655975	832.282175
5.663975	898.451425
5.671975	933.542225
5.679975	950.200975
5.687975	963.85225
5.695975	950.231675
5.703975	954.2569
5.711975	962.406825
5.719975	936.36105
5.727974	930.617025
5.735974	973.224
5.743974	1021.297375
5.751974	1022.4195
5.759974	1024.413875
5.767974	1064.595
5.775974	1084.6775
5.783974	1054.9665
5.791974	981.901525
5.799973	897.60345
5.807973	847.264325
5.815973	833.508975
5.823973	811.3622
5.831973	780.533425
5.839973	781.702525
5.847973	822.1655
5.855973	894.02855
5.863973	928.088175
5.871973	903.39205
5.879972	856.43275
5.887972	839.747325
5.895972	901.436325
5.903972	1002.6876
5.911972	1084.68325
5.919972	1088.4525
5.927972	1063.07125
5.935972	1057.281575
5.943972	987.164625
5.951972	908.678975
5.959971	927.306025
5.967971	993.97175
5.975971	1033.4714
5.983971	1022.54945
5.991971	1031.36515
5.999971	1065.75495
6.007971	1055.16575
6.015971	1039.811
6.023971	1016.38135
6.031971	981.96745
6.03997	1009.4261
6.04797	1061.7105
6.05597	1077.20975
6.06397	1070.89125
6.07197	1050.1577
6.07997	1035.8544
6.08797	1068.68495
6.09597	1105.56875
6.10397	1095.42225
6.111969	1021.37345
6.119969	952.5229
6.127969	980.03245
6.135969	1034.0335
6.143969	1056.513
6.151969	1060.85475
6.159969	1055.348
6.167969	1012.8711
6.175969	965.6617
6.183969	963.636175
6.191968	972.1514
6.199968	964.966475
6.207968	907.96115
6.215968	859.647075
6.223968	874.93
6.231968	868.859975
6.239968	792.683425
6.247968	748.307175
6.255968	776.229125
6.263968	794.339825
6.271967	791.762575
6.279967	790.661525
6.287967	786.59895
6.295967	783.98965
6.303967	763.015125
6.311967	706.35145
6.319967	677.7029
6.327967	666.073625
6.335967	614.97605
6.343966	561.2021
6.351966	533.2294
6.359966	503.595775
6.367966	435.590975
6.375966	365.94205
6.383966	349.873525
6.391966	349.796
6.399966	330.836125
6.407966	275.12
6.415966	197.68175
6.423965	162.631325
6.431965	172.1571
6.439965	167.2348025
6.447965	123.217555
6.455965	80.5305525
6.463965	53.3476875
6.471965	41.8570575
6.479965	45.2027975
6.487965	59.9102925
6.495965	64.0554125
6.503964	32.911805
6.511964	25.6015875
6.519964	55.300415
6.527964	40.133365
6.535964	8.43766
6.543964	-8.6820175
6.551964	-27.02411
6.559964	-11.27275225
6.567964	10.0352955
6.575963	-6.97842475
6.583963	-34.662225
6.591963	-22.81033075
6.599963	-23.200594
6.607963	-24.95391575
6.615963	14.581535
6.623963	33.7361275
6.631963	51.59548
6.639963	46.4065275
6.647963	19.94736
6.655962	21.619442
6.663962	20.5003615
6.671962	22.9307895
6.679962	31.4250825
6.687962	21.2922425
6.695962	-8.08348
6.703962	-22.8662445
6.711962	-14.216649
6.719962	-5.446086
6.727962	1.9290525
6.735961	16.712717
6.743961	26.370638
6.751961	25.193755
	
