be
0
0.008
0.032
0.064
0.096
0.128
0.16
0.184
0.216
0.248
0.272
0.304
0.336
0.36
0.392
0.416
0.448
0.472
0.504
0.528
0.56
0.584
0.608
0.64
0.664
0.688
0.72
0.744
0.7679999
0.8
0.8239999
0.8479999
0.8719999
0.8959999
0.9199999
0.9519999
0.9759999
0.9999999
1.024
1.048
1.072
1.096
1.12
1.144
1.168
1.192
1.208
1.232
1.256
1.28
1.304
1.328001
1.352001
1.368001
1.392001
1.416001
1.440001
1.456001
1.480001
1.504001
1.520001
1.544001
1.568001
1.584001
1.608001
1.624001
1.648001
1.672001
1.688001
1.712001
1.728001
1.752001
1.768001
1.792001
1.808002
1.824002
1.848002
1.864002
1.888002
1.904002
1.920002
1.944002
1.960002
1.976002
2.000002
2.016002
2.032002
2.056002
2.072002
2.088002
2.104002
2.128002
2.144002
2.160002
2.176002
2.192002
2.216002
2.232002
2.248002
2.264002
2.280002
2.296002
2.312002
2.328002
2.344002
2.368002
2.384002
2.400002
2.416002
2.432002
2.448002
2.464002
2.480002
2.496002
2.512002
2.528003
2.536002
2.552002
2.568002
2.584002
2.600003
2.616003
2.632003
2.648003
2.664003
2.672003
2.688003
2.704003
2.720003
2.736003
2.752003
2.760003
2.776003
2.792003
2.808003
2.816003
2.832003
2.848003
2.864003
2.872003
2.888003
2.904003
2.912003
2.928003
2.944003
2.952003
2.968003
2.984003
2.992002
3.008003
3.024003
3.032002
3.048002
3.056002
3.072002
3.088002
3.096002
3.112002
3.120002
3.136002
3.144002
3.160002
3.168002
3.184002
3.192002
3.208002
3.216002
3.232002
3.240002
3.256002
3.264002
3.280002
3.288002
3.304002
3.312002
3.328002
3.336002
3.344002
3.360002
3.368001
3.384001
3.392001
3.400001
3.416001
3.424001
3.440001
3.448001
3.456001
3.472001
3.480001
3.488001
3.504001
3.512001
3.520001
3.528001
3.544001
3.552001
3.56
3.576
3.584
3.592
3.6
3.616
3.624
3.632
3.64
3.656
3.664
3.672
3.68
3.696
3.704
3.711999
3.719999
3.727999
3.743999
3.751999
3.759999
3.767999
3.775999
3.783999
3.799999
3.807999
3.815999
3.823998
3.831998
3.839998
3.847998
3.855998
3.871998
3.879998
3.887998
3.895998
3.903998
3.911998
3.919997
3.927997
3.935997
3.943997
3.951997
3.959997
3.975997
3.983997
3.991997
3.999997
4.007997
4.015996
4.023996
4.031996
4.039996
4.047996
4.055996
4.063996
4.071996
4.079996
4.087996
4.095995
4.103995
4.111995
4.119995
4.127995
4.135995
4.143995
4.151995
4.159995
4.167994
4.175994
4.183994
4.191994
4.199994
4.207994
4.215994
4.223994
4.231994
4.239994
4.247993
4.255993
4.263993
4.271993
4.279993
4.287993
4.295993
4.303993
4.311993
4.319993
4.327992
4.335992
4.343992
4.351992
4.359992
4.367992
4.375992
4.383992
4.391992
4.399992
4.407991
4.415991
4.423991
4.431991
4.439991
4.447991
4.455991
4.463991
4.471991
4.47999
4.48799
4.49599
4.50399
4.51199
4.51999
4.52799
4.53599
4.54399
4.55199
4.559989
4.567989
4.575989
4.583989
4.591989
4.599989
4.607989
4.615989
4.623989
4.631989
4.639988
4.647988
4.655988
4.663988
4.671988
4.679988
4.687988
4.695988
4.703988
4.711987
4.719987
4.727987
4.735987
4.743987
4.751987
4.759987
4.767987
4.775987
4.783987
4.791986
4.799986
4.807986
4.815986
4.823986
4.831986
4.839986
4.847986
4.855986
4.863986
4.871985
4.879985
4.887985
4.895985
4.903985
4.911985
4.919985
4.927985
4.935985
4.943985
4.951984
4.959984
4.967984
4.975984
4.983984
4.991984
4.999984
5.007984
5.015984
5.023983
5.031983
5.039983
5.047983
5.055983
5.063983
5.071983
5.079983
5.087983
5.095983
5.103982
5.111982
5.119982
5.127982
5.135982
5.143982
5.151982
5.159982
5.167982
5.175982
5.183981
5.191981
5.199981
5.207981
5.215981
5.223981
5.231981
5.239981
5.247981
5.25598
5.26398
5.27198
5.27998
5.28798
5.29598
5.30398
5.31198
5.31998
5.32798
5.335979
5.343979
5.351979
5.359979
5.367979
5.375979
5.383979
5.391979
5.399979
5.407979
5.415978
5.423978
5.431978
5.439978
5.447978
5.455978
5.463978
5.471978
5.479978
5.487978
5.495977
5.503977
5.511977
5.519977
5.527977
5.535977
5.543977
5.551977
5.559977
5.567976
5.575976
5.583976
5.591976
5.599976
5.607976
5.615976
5.623976
5.631976
5.639976
5.647975
5.655975
5.663975
5.671975
5.679975
5.687975
5.695975
5.703975
5.711975
5.719975
5.727974
5.735974
5.743974
5.751974
5.759974
5.767974
5.775974
5.783974
5.791974
5.799973
5.807973
5.815973
5.823973
5.831973
5.839973
5.847973
5.855973
5.863973
5.871973
5.879972
5.887972
5.895972
5.903972
5.911972
5.919972
5.927972
5.935972
5.943972
5.951972
5.959971
5.967971
5.975971
5.983971
5.991971
5.999971
6.007971
6.015971
6.023971
6.031971
6.03997
6.04797
6.05597
6.06397
6.07197
6.07997
6.08797
6.09597
6.10397
6.111969
6.119969
6.127969
6.135969
6.143969
6.151969
6.159969
6.167969
6.175969
6.183969
6.191968
6.199968
6.207968
6.215968
6.223968
6.231968
6.239968
6.247968
6.255968
6.263968
6.271967
6.279967
6.287967
6.295967
6.303967
6.311967
6.319967
6.327967
6.335967
6.343966
6.351966
6.359966
6.367966
6.375966
6.383966
6.391966
6.399966
6.407966
6.415966
6.423965
6.431965
6.439965
6.447965
6.455965
6.463965
6.471965
6.479965
6.487965
6.495965
6.503964
6.511964
6.519964
6.527964
6.535964
6.543964
6.551964
6.559964
6.567964
6.575963
6.583963
6.591963
6.599963
6.607963
6.615963
6.623963
6.631963
6.639963
6.647963
6.655962
6.663962
6.671962
6.679962
6.687962
6.695962
6.703962
6.711962
6.719962
6.727962
6.735961
6.743961
6.751961

